[LEFT_CAM_2K]
fx=1397.52
fy=1397.52
cx=1103.84
cy=562.598
k1=-0.171023
k2=0.023113

[RIGHT_CAM_2K]
fx=1403
fy=1403
cx=1126.89
cy=544.09
k1=-0.174404
k2=0.0261941

[LEFT_CAM_FHD]
fx=1397.52
fy=1397.52
cx=959.844
cy=481.598
k1=-0.171023
k2=0.023113

[RIGHT_CAM_FHD]
fx=1403
fy=1403
cx=982.892
cy=463.09
k1=-0.174404
k2=0.0261941

[LEFT_CAM_HD]
fx=698.762
fy=698.762
cx=638.422
cy=329.299
k1=-0.171023
k2=0.023113

[RIGHT_CAM_HD]
fx=701.499
fy=701.499
cx=649.946
cy=320.045
k1=-0.174404
k2=0.0261941

[LEFT_CAM_VGA]
fx=349.381
fy=349.381
cx=334.711
cy=172.15
k1=-0.171023
k2=0.023113

[RIGHT_CAM_VGA]
fx=350.75
fy=350.75
cx=340.473
cy=167.522
k1=-0.174404
k2=0.0261941

[STEREO]
Baseline=120
CV_2K=0.0057128
CV_FHD=0.0057128
CV_HD=0.0057128
CV_VGA=0.0057128
RX_2K=0.00446429
RX_FHD=0.00446429
RX_HD=0.00446429
RX_VGA=0.00446429
RZ_2K=0.000816667
RZ_FHD=0.000816667
RZ_HD=0.000816667
RZ_VGA=0.000816667



